&parameters1
   Sigma = 1
   sigma = 0.123
   sigma_theory = 0.294210585314
   Nbumps = 119
   T = 0.314159265359
   Nx = 101
   Ny = 100
   Lx = 20
   Ly = 20
   D_x = 0.04
   D_y = 0.04
   volume = -1.2566370614359172
   height = -0.2
   mean_u = -0.369525947769
   growth_rate = 0.01
   Tdouble = 37.5
/ 
