&parameters
   Sigma = 1
   sigma = 0.194
   sigma_theory = 0.294210585314
   Nbumps = 60
   T = 1
   Nx = 151
   Ny = 150
   Lx = 20
   Ly = 20
   D_x = 0.001
   D_y = 0.001
   volume = 1.7
   height = 0.2705634032562221
   mean_u = 0.255816225166
   growth_rate = 0.00426360375276
/ 
