&parameters1
   Sigma = 0.55
   sigma = 0.136
   sigma_theory = 0.534928336935
   Nbumps = 127
   T = 9.503317777109126
   Nx = 201
   Ny = 200
   Lx = 20
   Ly = 20
   D_x = 0.001
   D_y = 0.001
   volume = 0.3801327110843651
   height = 0.2
   mean_u = 0.120432094736
   growth_rate = 0.0001
/ 
