&parameters1
   Sigma = 0.25
   sigma = 0.214
   sigma_theory = 0.588421170628
   Nbumps = 127
   T = 1.9634954084936207
   Nx = 201
   Ny = 200
   Lx = 20
   Ly = 20
   D_x = 0.001
   D_y = 0.001
   volume = 0.07853981633974483
   height = 0.2
   mean_u = 0.0248826642016
   growth_rate = 0.0001
/ 
