&parameters1
   Sigma = 1
   sigma = 0.072
   sigma_theory = 0.294210585314
   Nbumps = 127
   T = 31.41592653589793
   Nx = 101
   Ny = 100
   Lx = 20
   Ly = 20
   D_x = 0.001
   D_y = 0.001
   volume = 1.2566370614359172
   height = 0.2
   mean_u = 0.394161010953
   growth_rate = 0.0001
/ 
