&parameters1
   Sigma = 1
   sigma = 0.099
   sigma_theory = 0.294210585314
   Nbumps = 100
   T = 62.83185307179586
   Nx = 101
   Ny = 100
   Lx = 20
   Ly = 20
   D_x = 0.001
   D_y = 0.001
   volume = 2.5132741228718345
   height = 0.4
   mean_u = 0.622035345411
   growth_rate = 0.0001
/ 
