&parameters
   Sigma = 1.47
   sigma = 0.826
   sigma_theory = 0.200143255316
   Nbumps = 1000
   T = 0.1
   Nx = 151
   Ny = 150
   Lx = 30
   Ly = 31
   D_x = 0.018000000000000002
   D_y = 0.01922
/ 
