&parameters1
   Sigma = 1
   sigma = 0.266
   sigma_theory = 0.294210585314
   Nbumps = 477
   T = 0.314159265359
   Nx = 101
   Ny = 100
   Lx = 20
   Ly = 20
   D_x = 0.01
   D_y = 0.01
   volume = -1.2566370614359172
   height = -0.2
   mean_u = -1.47194502528
   growth_rate = 0.01
   Tdouble = 150.0
/ 
