&parameters1
   Sigma = 1
   sigma = 0.096
   sigma_theory = 0.294210585314
   Nbumps = 198
   T = 0.157079632679
   Nx = 101
   Ny = 100
   Lx = 20
   Ly = 20
   D_x = 0.048
   D_y = 0.048
   volume = -1.2566370614359172
   height = -0.2
   mean_u = -0.612797196717
   growth_rate = 0.02
   Tdouble = 31.25
/ 
