&parameters
   Sigma = 1
   sigma = 0.572
   sigma_theory = 0.294210585314
   Nbumps = 50
   T = 1.5707963267948966
   Nx = 151
   Ny = 150
   Lx = 20
   Ly = 20
   D_x = 0.01
   D_y = 0.01
   volume = 6.283185307179586
   height = 6.283185307179586
   mean_u = 0.790495449491
   growth_rate = 0.01
/ 
