&parameters1
   Sigma = 1
   sigma = 0.107
   sigma_theory = 0.294210585314
   Nbumps = 740
   T = 0.235619449019
   Nx = 101
   Ny = 100
   Lx = 20
   Ly = 20
   D_x = 0.043
   D_y = 0.043
   volume = -0.9424777960769379
   height = -0.15
   mean_u = -1.7113670456
   growth_rate = 0.01
   Tdouble = 34.88372093023256
   T_total = 174.358392274
/ 
