&parameters
   Sigma = 1
   sigma = 0.629
   sigma_theory = 0.294210585314
   Nbumps = 60
   T = 39.78873577297384
   Nx = 151
   Ny = 150
   Lx = 20
   Ly = 20
   D_x = 0.001
   D_y = 0.001
   volume = 0.15915494309189535
   height = 0.15915494309189535
   mean_u = 0.945494557234
   growth_rate = 0.000396047834002
/ 
