&parameters1
   Sigma = 1
   sigma = 0.172
   sigma_theory = 0.294210585314
   Nbumps = 100
   T = 4.71238898038469
   Nx = 101
   Ny = 100
   Lx = 20
   Ly = 20
   D_x = 0.001
   D_y = 0.001
   volume = 1.8849555921538759
   height = 0.3
   mean_u = 0.466526509058
   growth_rate = 0.001
/ 
