&parameters1
   Sigma = 1
   sigma = 0.023
   sigma_theory = 0.294210585314
   Nbumps = 9
   T = 15.7079632679
   Nx = 101
   Ny = 100
   Lx = 20
   Ly = 20
   D_x = 0.01
   D_y = 0.01
   volume = -0.6283185307179586
   height = -0.1
   mean_u = -0.0153969144904
   growth_rate = 0.0001
/ 
