&parameters1
   Sigma = 0.75
   sigma = 0.123
   sigma_theory = 0.392280780419
   Nbumps = 127
   T = 17.671458676442587
   Nx = 51
   Ny = 50
   Lx = 20
   Ly = 20
   D_x = 0.001
   D_y = 0.001
   volume = 0.7068583470577035
   height = 0.2
   mean_u = 0.217324291801
   growth_rate = 0.0001
/ 
