&parameters
   Sigma = 1
   sigma = 0.629
   sigma_theory = 0.294210585314
   Nbumps = 60
   T = 1
   Nx = 151
   Ny = 150
   Lx = 20
   Ly = 20
   D_x = 0.001
   D_y = 0.001
   volume = 0.15915494309189535
