&parameters1
   Sigma = 1
   sigma = 0.094
   sigma_theory = 0.294210585314
   Nbumps = 106
   T = 0.314159265359
   Nx = 101
   Ny = 100
   Lx = 20
   Ly = 20
   D_x = 0.045
   D_y = 0.045
   volume = -1.2566370614359172
   height = -0.2
   mean_u = -0.329493970094
   growth_rate = 0.01
   Tdouble = 33.333333333333336
/ 
