&parameters
   Sigma = 4
   sigma = 0.185
   sigma_theory = 0.0735526463286
   Nbumps = 500
   T = 10
   Nx = 101
   Ny = 100
   Lx = 50
   Ly = 51
   D_x = 0.05
   D_y = 0.052020000000000004
/ 
