&parameters1
   Sigma = 0.75
   sigma = 0.099
   sigma_theory = 0.392280780419
   Nbumps = 100
   T = 17.671458676442587
   Nx = 101
   Ny = 100
   Lx = 20
   Ly = 20
   D_x = 0.001
   D_y = 0.001
   volume = 0.7068583470577035
   height = 0.2
   mean_u = 0.174947440897
   growth_rate = 0.0001
/ 
