&parameters1
   Sigma = 1
   sigma = 0.729
   sigma_theory = 0.294210585314
   Nbumps = 47
   T = 1.0471975512
   Nx = 101
   Ny = 100
   Lx = 20
   Ly = 20
   D_x = 0.03
   D_y = 0.03
   volume = -12.566370614359172
   height = -2
   mean_u = -1.47810379108
   growth_rate = 0.03
/ 
