&parameters1
   Sigma = 1
   sigma = 0.077
   sigma_theory = 0.294210585314
   Nbumps = 198
   T = 0.157079632679
   Nx = 101
   Ny = 100
   Lx = 20
   Ly = 20
   D_x = 0.048
   D_y = 0.048
   volume = -0.6283185307179586
   height = -0.1
   mean_u = -0.306398598358
   growth_rate = 0.01
   Tdouble = 31.25
/ 
