&parameters1
   Sigma = 1
   sigma = 0.182
   sigma_theory = 0.294210585314
   Nbumps = 190
   T = 0.157079632679
   Nx = 101
   Ny = 100
   Lx = 20
   Ly = 20
   D_x = 0.05
   D_y = 0.05
   volume = -1.2566370614359172
   height = -0.2
   mean_u = -0.588162133532
   growth_rate = 0.02
   Tdouble = 30.0
/ 
