&parameters1
   Sigma = 1
   sigma = 0.103
   sigma_theory = 0.294210585314
   Nbumps = 132
   T = 0.235619449019
   Nx = 101
   Ny = 100
   Lx = 20
   Ly = 20
   D_x = 0.048
   D_y = 0.048
   volume = -0.9424777960769379
   height = -0.15
   mean_u = -0.307168444083
   growth_rate = 0.01
   Tdouble = 31.25
/ 
