&parameters
   Sigma = 4
   sigma = 0.346
   sigma_theory = 0.0735526463286
   Nbumps = 500
   T = 10
   Nx = 81
   Ny = 80
   Lx = 30
   Ly = 31
   D_x = 0.018000000000000002
   D_y = 0.01922
/ 
